#################### INDUCTION PLANE (0): 0-2399
136
137
504
521
560
593   599
633
653   655
688   695
813   815
862   863
912   918
1055  1065
2048
2203
2227  2229
2241  2243
2267  2268
2283
2316
2343  2344
2358
2376
#################### INDUCTION PLANE (1): 2400-4799
2447  2448
2582
3038  3040
3103
3484  3487
3681  3701
3714  3715
3734  3735
3760  3769
4099
4164
4537
4560
4598
#################### COLLECTION PLANE: 4800-8256 
4800
4812
5180  5187
6046  6047
6340
6377
6516
6730
7008
7120  7267
7872
8191  8208
